# # formula:                                                     FEFF 9.6.4  
# # POT  Non-SCF, core-hole, AFOLP (folp(0)= 1.150)
# # Abs   Z=26 Rmt= 1.330 Rnm= 1.401 K  shell
# # Pot 1 Z= 8 Rmt= 0.829 Rnm= 1.011
# # Pot 2 Z= 6 Rmt= 0.708 Rnm= 0.935
# # Gam_ch=1.309E+00 H-L exch Vi= 0.000E+00 Vr= 0.000E+00
# # Mu= 8.716E+00 kf=2.758E+00 Vint=-2.026E+01 Rs_int= 1.315
# # PATH  Rmax= 6.000,  Keep_limit= 0.00, Heap_limit 0.00  Pwcrit= 2.50%
#  S02=1.000  Temp=   0.00  Debye_temp=   0.00  Global_sig2= 0.00000
#  Energy zero shift, vr, vi    0.00000E+00   0.00000E+00
#  Curved wave amplitude ratio filter   4.000%
#     file         sig2 tot  cw amp ratio   deg  nlegs   reff  inp sig2
#           1       0.00000    100.00      1.00     2   1.9930
#           2       0.00000     99.63      1.00     2   1.9964
#           3       0.00000     99.25      1.00     2   2.0000
#           4       0.00000     98.80      1.00     2   2.0043
#           5       0.00000     98.06      1.00     2   2.0114
#           6       0.00000     97.38      1.00     2   2.0180
#           7       0.00000     40.23      1.00     2   2.7848
#           8       0.00000     39.72      1.00     2   2.8006
#           9       0.00000     39.68      1.00     2   2.8021
#          10       0.00000     39.61      1.00     2   2.8041
#          11       0.00000     39.39      1.00     2   2.8111
#          12       0.00000     39.25      1.00     2   2.8155
#          13       0.00000     23.78      2.00     3   3.0300
#          14       0.00000     24.91      2.00     3   3.0353
#          15       0.00000     23.73      2.00     3   3.0471
#          16       0.00000     24.00      2.00     3   3.0509
#          17       0.00000     22.84      2.00     3   3.0523
#          18       0.00000     23.97      2.00     3   3.0549
#          22       0.00000      7.33      2.00     3   3.2909
#          25       0.00000      7.21      2.00     3   3.2987
#          27       0.00000      7.05      2.00     3   3.3207
#          28       0.00000      6.08      2.00     3   3.4025
#          29       0.00000      6.07      2.00     3   3.4041
#          30       0.00000      6.06      2.00     3   3.4079
#          31       0.00000      5.96      2.00     3   3.4246
#          32       0.00000      5.81      2.00     3   3.4515
#          33       0.00000      5.92      2.00     3   3.4625
#          34       0.00000      6.00      2.00     3   3.4986
#          35       0.00000      6.67      2.00     3   3.5493
#          36       0.00000      6.80      2.00     3   3.5644
#          37       0.00000      6.34      2.00     3   3.5780
#          38       0.00000      8.94      2.00     3   3.5776
#          39       0.00000      8.93      2.00     3   3.5812
#          40       0.00000      8.88      2.00     3   3.5867
#          41       0.00000      6.24      2.00     3   3.5925
#          42       0.00000      6.25      2.00     3   3.5933
#          43       0.00000      6.19      2.00     3   3.5999
#          44       0.00000      6.16      2.00     3   3.6036
#          45       0.00000      6.16      2.00     3   3.6055
#          46       0.00000     19.99      1.00     2   3.9773
#          47       0.00000     28.21      2.00     3   3.9795
#          48       0.00000      4.64      1.00     4   3.9860
#          49       0.00000     19.88      1.00     2   3.9866
#          50       0.00000     48.62      2.00     3   3.9897
#          51       0.00000     26.17      2.00     4   3.9895
#          52       0.00000     19.80      1.00     2   3.9924
#          53       0.00000      4.61      1.00     4   3.9929
#          54       0.00000     19.79      1.00     2   3.9936
#          57       0.00000     26.85      2.00     3   3.9981
#          58       0.00000      4.57      1.00     4   4.0000
#          59       0.00000     27.36      2.00     3   4.0024
#          60       0.00000     29.65      1.00     4   4.0022
#          61       0.00000     47.30      2.00     3   4.0028
#          62       0.00000      4.53      1.00     4   4.0086
#          63       0.00000     46.61      2.00     3   4.0093
#          64       0.00000     19.55      1.00     2   4.0130
#          65       0.00000     45.70      2.00     3   4.0133
#          66       0.00000     19.53      1.00     2   4.0148
#          67       0.00000     24.67      2.00     4   4.0157
#          68       0.00000     23.08      2.00     4   4.0180
#          69       0.00000     28.30      1.00     4   4.0191
#          70       0.00000      4.47      1.00     4   4.0228
#          71       0.00000     47.69      2.00     3   4.0251
#          72       0.00000     27.60      1.00     4   4.0262
#          73       0.00000     46.48      2.00     3   4.0278
#          75       0.00000     26.61      1.00     4   4.0329
#          76       0.00000     29.18      1.00     4   4.0353
#          77       0.00000      4.40      1.00     4   4.0359
#          78       0.00000     27.77      1.00     4   4.0427
#          79       0.00000      7.46      1.00     4   4.0636
#          81       0.00000      7.54      1.00     4   4.0775
#          82       0.00000      7.37      1.00     4   4.0828
#          83       0.00000      7.22      1.00     4   4.0867
#          84       0.00000     22.51      2.00     3   4.0965
#          85       0.00000      7.30      1.00     4   4.1017
#          86       0.00000      7.28      1.00     4   4.1055
#          87       0.00000     22.16      2.00     3   4.1072
#          88       0.00000     22.69      2.00     3   4.1085
#          89       0.00000     27.21      2.00     4   4.1089
#          91       0.00000     26.35      2.00     4   4.1235
#          92       0.00000     26.64      2.00     4   4.1254
#          93       0.00000     22.19      2.00     3   4.1303
#          94       0.00000     19.97      2.00     3   4.1307
#          95       0.00000     21.60      2.00     3   4.1364
#          96       0.00000     26.25      2.00     4   4.1452
#          97       0.00000     26.28      2.00     4   4.1467
#          98       0.00000     23.33      2.00     4   4.1503
#         103       0.00000      8.16      1.00     4   4.2157
#         104       0.00000      8.30      1.00     4   4.2246
#         105       0.00000      7.99      1.00     4   4.2279
#         107       0.00000     14.21      2.00     4   4.2350
#         109       0.00000     14.08      2.00     4   4.2426
#         110       0.00000     14.29      2.00     4   4.2440
#         111       0.00000      8.07      1.00     4   4.2477
#         112       0.00000      7.74      1.00     4   4.2580
#         113       0.00000     13.06      2.00     4   4.2635
#         114       0.00000     13.81      2.00     4   4.2672
#         115       0.00000     14.01      2.00     4   4.2680
#         116       0.00000      6.83      1.00     4   4.2678
#         121       0.00000      4.88      2.00     3   4.4018
#         122       0.00000      4.87      2.00     3   4.4039
#         123       0.00000      5.38      2.00     3   4.4334
#         124       0.00000      5.29      2.00     4   4.4361
#         125       0.00000      5.24      2.00     4   4.4397
#         126       0.00000      5.38      2.00     3   4.4420
#         127       0.00000      5.72      2.00     3   4.4542
#         128       0.00000      5.93      2.00     4   4.4587
#         129       0.00000      5.98      2.00     4   4.4669
#         130       0.00000      6.06      2.00     3   4.4788
#         131       0.00000      6.01      2.00     4   4.4859
#         132       0.00000      6.22      2.00     4   4.5131
#         137       0.00000      4.95      2.00     4   4.6288
#         139       0.00000      4.98      2.00     4   4.6355
#         140       0.00000      5.05      2.00     4   4.6355
#         142       0.00000      4.91      2.00     4   4.6379
#         143       0.00000      5.02      2.00     4   4.6391
#         144       0.00000      4.94      2.00     4   4.6431
#         145       0.00000     10.76      2.00     3   4.6707
#         146       0.00000     11.77      2.00     3   4.6771
#         147       0.00000     10.66      2.00     3   4.7013
#         148       0.00000     11.95      2.00     3   4.7079
#         149       0.00000     11.65      2.00     3   4.7118
#         150       0.00000     11.25      2.00     3   4.7205
#         151       0.00000      5.57      2.00     4   4.7779
#         154       0.00000      6.03      2.00     4   4.7971
#         155       0.00000      4.32      2.00     4   4.8021
#         156       0.00000      5.64      2.00     4   4.8084
#         161       0.00000      5.15      2.00     4   4.8269
#         162       0.00000      4.36      2.00     4   4.8291
#         170       0.00000      4.38      2.00     4   4.9223
#         171       0.00000      4.10      2.00     4   4.9411
#         172       0.00000      4.67      2.00     4   4.9426
#         173       0.00000      4.36      2.00     4   4.9548
#         174       0.00000      4.31      2.00     4   4.9599
#         181       0.00000      6.47      2.00     4   5.1301
#         182       0.00000      6.45      2.00     4   5.1507
#         184       0.00000      6.36      2.00     4   5.1581
#         185       0.00000      6.20      2.00     4   5.1650
#         188       0.00000      6.31      2.00     4   5.1721
#         189       0.00000      6.26      2.00     4   5.1809
#         190       0.00000      5.77      1.00     4   5.1947
#         191       0.00000      5.77      1.00     4   5.1945
#         196       0.00000      5.58      1.00     4   5.2180
#         197       0.00000      5.50      1.00     4   5.2245
#         198       0.00000      5.53      1.00     4   5.2401
#         199       0.00000      5.56      1.00     4   5.2460
#         203       0.00000      4.54      2.00     3   5.3204
#         204       0.00000      5.80      2.00     3   5.4041
#         205       0.00000      5.71      2.00     3   5.4401
#         220       0.00000      5.83      2.00     3   5.8567
#         221       0.00000      6.64      2.00     4   5.8763
#         222       0.00000      6.58      2.00     3   5.8808
#         223       0.00000      5.96      2.00     3   5.8803
#         224       0.00000      7.45      2.00     4   5.8820
#         225       0.00000      6.06      2.00     4   5.8819
#         226       0.00000      7.86      2.00     4   5.8932
#         227       0.00000      6.55      2.00     4   5.8930
#         228       0.00000      6.97      2.00     4   5.8966
#         229       0.00000      6.58      2.00     3   5.9042
#         230       0.00000      7.08      2.00     4   5.9166
#         231       0.00000      7.65      2.00     4   5.9212
#         232       0.00000      6.24      2.00     3   5.9249
#         233       0.00000      6.40      2.00     3   5.9296
#         234       0.00000      7.16      2.00     4   5.9328
#         235       0.00000      6.86      2.00     4   5.9328
#         236       0.00000      7.69      2.00     4   5.9398
#         237       0.00000      7.30      2.00     4   5.9398
#         242       0.00000      4.51      2.00     4   5.9999
#   168/ 226 paths used
#  xsedge+50, used to normalize mu           3.1750E-04
#  -----------------------------------------------------------------------
#  omega    e    k    mu    mu0     chi     @#
    7115.147      8.726   0.050  6.68574E-01  5.03173E-01  1.68651E-01
    7115.176      8.754   0.100  6.75584E-01  5.12281E-01  1.66480E-01
    7115.224      8.802   0.150  6.96136E-01  5.39064E-01  1.60038E-01
    7115.290      8.868   0.200  7.16764E-01  5.65848E-01  1.53680E-01
    7115.376      8.954   0.250  7.46640E-01  6.05799E-01  1.43290E-01
    7115.481      9.059   0.300  7.76741E-01  6.45750E-01  1.33147E-01
    7115.605      9.183   0.350  8.05689E-01  6.88080E-01  1.19395E-01
    7115.747      9.326   0.400  8.35110E-01  7.30411E-01  1.06157E-01
    7115.909      9.488   0.450  8.54354E-01  7.65509E-01  8.99431E-02
    7116.090      9.669   0.500  8.74446E-01  8.00608E-01  7.46353E-02
    7116.290      9.869   0.550  8.83051E-01  8.26347E-01  5.72127E-02
    7116.509     10.088   0.600  8.93025E-01  8.52086E-01  4.12307E-02
    7116.748     10.326   0.650  8.94597E-01  8.70486E-01  2.42342E-02
    7117.005     10.583   0.700  8.98205E-01  8.88885E-01  9.34916E-03
    7117.281     10.859   0.750  8.97092E-01  9.02327E-01 -5.23916E-03
    7117.576     11.154   0.800  8.98799E-01  9.15768E-01 -1.69485E-02
    7117.891     11.469   0.850  8.98949E-01  9.25954E-01 -2.69104E-02
    7118.224     11.802   0.900  9.02726E-01  9.36139E-01 -3.32206E-02
    7118.576     12.155   0.950  9.07510E-01  9.44149E-01 -3.63441E-02
    7118.948     12.526   1.000  9.16598E-01  9.52159E-01 -3.51941E-02
    7119.338     12.917   1.050  9.28604E-01  9.58637E-01 -2.96558E-02
    7119.748     13.326   1.100  9.45229E-01  9.65116E-01 -1.95925E-02
    7120.177     13.755   1.150  9.65912E-01  9.70465E-01 -4.47563E-03
    7120.624     14.202   1.200  9.90886E-01  9.75814E-01  1.47845E-02
    7121.091     14.669   1.250  1.02002E+00  9.80263E-01  3.89217E-02
    7121.577     15.155   1.300  1.05224E+00  9.84712E-01  6.59813E-02
    7122.082     15.660   1.350  1.08746E+00  9.88397E-01  9.66229E-02
    7122.605     16.184   1.400  1.12354E+00  9.92082E-01  1.27995E-01
    7123.148     16.727   1.450  1.16015E+00  9.95089E-01  1.60481E-01
    7123.710     17.289   1.500  1.19448E+00  9.98095E-01  1.90673E-01
    7124.291     17.870   1.550  1.22580E+00  1.00045E+00  2.18566E-01
    7124.891     18.470   1.600  1.25129E+00  1.00281E+00  2.40756E-01
    7125.511     19.089   1.650  1.26986E+00  1.00456E+00  2.56900E-01
    7126.149     19.727   1.700  1.27942E+00  1.00630E+00  2.64319E-01
    7126.806     20.384   1.750  1.27872E+00  1.00743E+00  2.62536E-01
    7127.482     21.060   1.800  1.26725E+00  1.00855E+00  2.50336E-01
    7128.178     21.756   1.850  1.24394E+00  1.00906E+00  2.27404E-01
    7128.892     22.470   1.900  1.21037E+00  1.00957E+00  1.94505E-01
    7129.625     23.204   1.950  1.16590E+00  1.00942E+00  1.51738E-01
    7130.378     23.956   2.000  1.11424E+00  1.00927E+00  1.01899E-01
    7131.149     24.727   2.050  1.05405E+00  1.00820E+00  4.45965E-02
    7131.940     25.518   2.100  9.91649E-01  1.00712E+00 -1.50845E-02
    7132.750     26.328   2.150  9.30118E-01  1.00605E+00 -7.41616E-02
    7133.578     27.156   2.200  8.72202E-01  1.00498E+00 -1.29942E-01
    7134.426     28.004   2.250  8.14334E-01  1.00207E+00 -1.84541E-01
    7135.293     28.871   2.300  7.64889E-01  9.99166E-01 -2.31306E-01
    7136.179     29.757   2.350  7.24970E-01  9.96262E-01 -2.69038E-01
    7137.083     30.662   2.400  6.94830E-01  9.93357E-01 -2.97366E-01
    7138.007     31.585   2.450  6.79316E-01  9.94697E-01 -3.14935E-01
    7138.950     32.528   2.500  6.72469E-01  9.96037E-01 -3.23916E-01
    7139.912     33.490   2.550  6.72678E-01  9.97377E-01 -3.25859E-01
    7140.893     34.472   2.600  6.78355E-01  9.98717E-01 -3.22311E-01
    7141.893     35.472   2.650  6.88069E-01  1.00249E+00 -3.15817E-01
    7142.913     36.491   2.700  7.00967E-01  1.00627E+00 -3.06150E-01
    7143.951     37.529   2.750  7.16874E-01  1.01004E+00 -2.93503E-01
    7145.008     38.586   2.800  7.36200E-01  1.01382E+00 -2.77481E-01
    7146.084     39.663   2.850  7.59212E-01  1.01699E+00 -2.57202E-01
    7147.180     40.758   2.900  7.88036E-01  1.02016E+00 -2.31204E-01
    7148.294     41.872   2.950  8.23664E-01  1.02333E+00 -1.98531E-01
    7149.428     43.006   3.000  8.66344E-01  1.02649E+00 -1.58969E-01
    7150.580     44.158   3.050  9.14251E-01  1.02674E+00 -1.11586E-01
    7151.752     45.330   3.100  9.66622E-01  1.02698E+00 -5.98363E-02
    7152.942     46.521   3.150  1.01984E+00  1.02722E+00 -7.31164E-03
    7154.152     47.730   3.200  1.06982E+00  1.02746E+00  4.19362E-02
    7155.381     48.959   3.250  1.11080E+00  1.02518E+00  8.48704E-02
    7156.629     50.207   3.300  1.14358E+00  1.02289E+00  1.19755E-01
    7157.895     51.474   3.350  1.16662E+00  1.02061E+00  1.45047E-01
    7159.181     52.759   3.400  1.17951E+00  1.01832E+00  1.60299E-01
    7160.486     54.064   3.450  1.18508E+00  1.01591E+00  1.68454E-01
    7161.810     55.388   3.500  1.18241E+00  1.01350E+00  1.68415E-01
    7163.153     56.731   3.550  1.17314E+00  1.01109E+00  1.61784E-01
    7164.515     58.093   3.600  1.15929E+00  1.00868E+00  1.50562E-01
    7165.896     59.475   3.650  1.14330E+00  1.00672E+00  1.36638E-01
    7167.297     60.875   3.700  1.12691E+00  1.00475E+00  1.22289E-01
    7168.716     62.294   3.750  1.11183E+00  1.00279E+00  1.09237E-01
    7170.154     63.732   3.800  1.09921E+00  1.00083E+00  9.86294E-02
    7171.611     65.190   3.850  1.09063E+00  9.99580E-01  9.13111E-02
    7173.088     66.666   3.900  1.08486E+00  9.98331E-01  8.67971E-02
    7174.583     68.161   3.950  1.08117E+00  9.97081E-01  8.43771E-02
    7176.098     69.676   4.000  1.07847E+00  9.95832E-01  8.29489E-02
    7177.631     71.209   4.050  1.07630E+00  9.95049E-01  8.15472E-02
    7179.184     72.762   4.100  1.07265E+00  9.94266E-01  7.86557E-02
    7180.755     74.333   4.150  1.06650E+00  9.93483E-01  7.32674E-02
    7182.346     75.924   4.200  1.05725E+00  9.92701E-01  6.47643E-02
    7183.956     77.534   4.250  1.04570E+00  9.92638E-01  5.32104E-02
    7185.584     79.163   4.300  1.03100E+00  9.92576E-01  3.85060E-02
    7187.232     80.810   4.350  1.01378E+00  9.92513E-01  2.12973E-02
    7188.899     82.477   4.400  9.94984E-01  9.92451E-01  2.53534E-03
    7190.585     84.163   4.450  9.75864E-01  9.92826E-01 -1.69664E-02
    7192.290     85.868   4.500  9.57173E-01  9.93202E-01 -3.60072E-02
    7194.014     87.592   4.550  9.39984E-01  9.93577E-01 -5.35156E-02
    7195.757     89.335   4.600  9.25189E-01  9.93953E-01 -6.86061E-02
    7197.519     91.097   4.650  9.13113E-01  9.94534E-01 -8.11647E-02
    7199.300     92.879   4.700  9.04426E-01  9.95115E-01 -9.03263E-02
    7201.101     94.679   4.750  8.99334E-01  9.95696E-01 -9.58947E-02
    7202.920     96.498   4.800  8.97828E-01  9.96277E-01 -9.78885E-02
    7204.758     98.336   4.850  8.99339E-01  9.96919E-01 -9.69460E-02
    7206.616    100.194   4.900  9.04097E-01  9.97562E-01 -9.27829E-02
    7208.492    102.070   4.950  9.11735E-01  9.98204E-01 -8.57684E-02
    7210.387    103.966   5.000  9.21812E-01  9.98846E-01 -7.63493E-02
    7212.302    105.880   5.050  9.33557E-01  9.99296E-01 -6.51108E-02
    7214.236    107.814   5.100  9.46802E-01  9.99747E-01 -5.24037E-02
    7216.188    109.766   5.150  9.60895E-01  1.00020E+00 -3.88739E-02
    7218.160    111.738   5.200  9.75145E-01  1.00065E+00 -2.52081E-02
    7220.151    113.729   5.250  9.88792E-01  1.00081E+00 -1.18769E-02
    7222.160    115.738   5.300  1.00127E+00  1.00097E+00  2.90774E-04
    7224.189    117.767   5.350  1.01194E+00  1.00114E+00  1.06756E-02
    7226.237    119.815   5.400  1.02035E+00  1.00130E+00  1.88165E-02
    7228.304    121.882   5.450  1.02604E+00  1.00104E+00  2.46843E-02
    7230.390    123.968   5.500  1.02907E+00  1.00079E+00  2.79385E-02
    7232.495    126.073   5.550  1.02966E+00  1.00053E+00  2.87738E-02
    7234.619    128.197   5.600  1.02824E+00  1.00027E+00  2.76272E-02
    7236.762    130.340   5.650  1.02503E+00  9.99578E-01  2.51599E-02
    7238.924    132.502   5.700  1.02107E+00  9.98882E-01  2.19367E-02
    7241.105    134.684   5.750  1.01708E+00  9.98187E-01  1.86880E-02
    7243.306    136.884   5.800  1.01372E+00  9.97491E-01  1.60692E-02
    7245.525    139.103   5.850  1.01114E+00  9.96434E-01  1.45726E-02
    7247.763    141.342   5.900  1.00996E+00  9.95377E-01  1.44618E-02
    7250.021    143.599   5.950  1.01022E+00  9.94320E-01  1.57777E-02
    7252.297    145.875   6.000  1.01171E+00  9.93263E-01  1.83253E-02
    7254.593    148.171   6.050  1.01384E+00  9.91854E-01  2.18700E-02
    7256.907    150.486   6.100  1.01632E+00  9.90444E-01  2.57789E-02
    7259.241    152.819   6.150  1.01858E+00  9.89035E-01  2.94729E-02
    7261.594    155.172   6.200  1.02006E+00  9.87625E-01  3.24037E-02
    7263.965    157.544   6.250  1.02032E+00  9.86216E-01  3.41246E-02
    7266.356    159.934   6.300  1.01908E+00  9.84806E-01  3.43374E-02
    7268.766    162.344   6.350  1.01620E+00  9.83397E-01  3.29128E-02
    7271.195    164.773   6.400  1.01173E+00  9.81987E-01  2.98839E-02
    7273.643    167.221   6.450  1.00584E+00  9.80578E-01  2.54194E-02
    7276.110    169.688   6.500  9.98804E-01  9.79168E-01  1.97849E-02
    7278.596    172.174   6.550  9.90824E-01  9.77831E-01  1.31131E-02
    7281.101    174.679   6.600  9.82272E-01  9.76494E-01  5.84077E-03
    7283.625    177.203   6.650  9.73513E-01  9.75157E-01 -1.66478E-03
    7286.168    179.746   6.700  9.64890E-01  9.73820E-01 -9.05747E-03
    7288.730    182.308   6.750  9.56712E-01  9.72483E-01 -1.60229E-02
    7291.312    184.890   6.800  9.49250E-01  9.71146E-01 -2.22822E-02
    7293.912    187.490   6.850  9.42738E-01  9.69808E-01 -2.75938E-02
    7296.531    190.109   6.900  9.37368E-01  9.68471E-01 -3.17578E-02
    7299.170    192.748   6.950  9.33281E-01  9.67134E-01 -3.46236E-02
    7301.827    195.405   7.000  9.30557E-01  9.65797E-01 -3.61019E-02
    7304.504    198.082   7.050  9.29438E-01  9.64823E-01 -3.63037E-02
    7307.199    200.777   7.100  9.29709E-01  9.63850E-01 -3.50784E-02
    7309.914    203.492   7.150  9.31214E-01  9.62876E-01 -3.25805E-02
    7312.647    206.226   7.200  9.33716E-01  9.61902E-01 -2.90466E-02
    7315.400    208.978   7.250  9.36926E-01  9.60928E-01 -2.47719E-02
    7318.172    211.750   7.300  9.40531E-01  9.59955E-01 -2.00764E-02
    7320.963    214.541   7.350  9.44232E-01  9.58981E-01 -1.52666E-02
    7323.773    217.351   7.400  9.47783E-01  9.58007E-01 -1.05992E-02
    7326.602    220.180   7.450  9.51009E-01  9.57034E-01 -6.25475E-03
    7329.449    223.028   7.500  9.53824E-01  9.56060E-01 -2.32453E-03
    7332.316    225.895   7.550  9.56654E-01  9.55471E-01  1.23163E-03
    7335.203    228.781   7.600  9.59130E-01  9.54882E-01  4.42917E-03
    7338.108    231.686   7.650  9.61356E-01  9.54294E-01  7.37472E-03
    7341.032    234.610   7.700  9.63442E-01  9.53705E-01  1.01818E-02
    7343.975    237.553   7.750  9.65469E-01  9.53116E-01  1.29350E-02
    7346.937    240.515   7.800  9.67464E-01  9.52527E-01  1.56629E-02
    7349.919    243.497   7.850  9.69388E-01  9.51939E-01  1.83244E-02
    7352.919    246.497   7.900  9.71140E-01  9.51350E-01  2.08118E-02
    7355.938    249.517   7.950  9.72569E-01  9.50761E-01  2.29665E-02
    7358.977    252.555   8.000  9.73503E-01  9.50172E-01  2.46055E-02
    7362.034    255.613   8.050  9.73524E-01  9.49186E-01  2.56967E-02
    7365.111    258.689   8.100  9.72751E-01  9.48199E-01  2.59502E-02
    7368.207    261.785   8.150  9.71076E-01  9.47213E-01  2.52501E-02
    7371.321    264.899   8.200  9.68457E-01  9.46227E-01  2.35479E-02
    7374.455    268.033   8.250  9.64918E-01  9.45240E-01  2.08679E-02
    7377.608    271.186   8.300  9.60553E-01  9.44254E-01  1.73033E-02
    7380.779    274.358   8.350  9.55505E-01  9.43267E-01  1.30056E-02
    7383.970    277.549   8.400  9.49960E-01  9.42281E-01  8.16989E-03
    7387.180    280.758   8.450  9.44130E-01  9.41295E-01  3.02001E-03
    7390.409    283.987   8.500  9.38240E-01  9.40308E-01 -2.20547E-03
    7393.657    287.235   8.550  9.32281E-01  9.39163E-01 -7.34537E-03
    7396.924    290.502   8.600  9.26660E-01  9.38017E-01 -1.21353E-02
    7400.210    293.789   8.650  9.21595E-01  9.36871E-01 -1.63396E-02
    7403.516    297.094   8.700  9.17281E-01  9.35726E-01 -1.97488E-02
    7406.840    300.418   8.750  9.13873E-01  9.34580E-01 -2.21938E-02
    7410.183    303.761   8.800  9.11475E-01  9.33434E-01 -2.35600E-02
    7413.545    307.124   8.850  9.10128E-01  9.32288E-01 -2.38003E-02
    7416.927    310.505   8.900  9.09802E-01  9.31143E-01 -2.29440E-02
    7420.327    313.905   8.950  9.10393E-01  9.29997E-01 -2.10983E-02
    7423.747    317.325   9.000  9.11732E-01  9.28851E-01 -1.84429E-02
    7427.185    320.763   9.050  9.13524E-01  9.27625E-01 -1.52083E-02
    7430.643    324.221   9.100  9.15626E-01  9.26399E-01 -1.16316E-02
    7434.119    327.697   9.150  9.17770E-01  9.25173E-01 -8.00099E-03
    7437.615    331.193   9.200  9.19711E-01  9.23947E-01 -4.58299E-03
    7441.130    334.708   9.250  9.21251E-01  9.22721E-01 -1.59203E-03
    7444.663    338.242   9.300  9.22262E-01  9.21495E-01  8.31576E-04
    7448.216    341.794   9.350  9.22695E-01  9.20269E-01  2.63312E-03
    7451.788    345.366   9.400  9.22579E-01  9.19043E-01  3.84224E-03
    7455.379    348.957   9.450  9.22008E-01  9.17817E-01  4.55982E-03
    7458.989    352.567   9.500  9.21123E-01  9.16591E-01  4.93554E-03
    7462.618    356.196   9.550  9.20170E-01  9.15455E-01  5.14027E-03
    7466.266    359.844   9.600  9.19201E-01  9.14320E-01  5.32811E-03
    7469.933    363.511   9.650  9.18348E-01  9.13185E-01  5.64282E-03
    7473.619    367.197   9.700  9.17696E-01  9.12049E-01  6.17834E-03
    7477.324    370.903   9.750  9.17277E-01  9.10914E-01  6.96935E-03
    7481.049    374.627   9.800  9.17067E-01  9.09779E-01  7.99186E-03
    7484.792    378.370   9.850  9.16998E-01  9.08643E-01  9.17210E-03
    7488.554    382.133   9.900  9.16971E-01  9.07508E-01  1.04009E-02
    7492.336    385.914   9.950  9.16870E-01  9.06372E-01  1.15507E-02
    7496.136    389.714  10.000  9.16576E-01  9.05237E-01  1.24910E-02
